011101101110
010110001101
100111000110
011110101000
101101000100
000001100110
110111100010
111000010011
001011000110
111110101101
110100101011
100100011010
001010111001
110111110100
100011011110
111111111010
001000100011
001101100000
010101010000
011000100101
110100000110
110011010011
101011001011
110111100001
000100111111
011110000100
010110111010
011000011011
011001100100
000111111100
010101111101
001110011101
100001001001
111100000011
110110110111
101000011011
110100100000
110101101001
001010111101
010101010100
111101001111
110001000001
000111010111
001001101111
101100011110
001001111011
011100101100
010100110000
000100000010
010000101011
111001010011
001100101111
101000010100
000000111011
010111101000
101000100110
010101111100
101101001100
101001110001
000111110011
111110110000
111101101101
001010111000
101001000101
010000010011
011110010010
000000101011
101000111100
011100001011
000000100001
100011111101
101111011001
000011011010
100010111101
100011001011
011001101100
001101101011
010010010000
110011011011
110100110111
000110100100
110101110001
001010010001
100110100001
010111111001
011101000011
100110010110
100010101101
000001011000
110000111010
001110010100
000110011000
100001110011
101111111001
000011001100
010110011111
101010001101
100001000110
000101011111
110000010101
111100100000
000111100100
011110011000
001111110101
111011110011
010111000101
111101100101
101100011111
100001111111
110011111100
000000111001
100101001001
110001100010
101001000111
101010000101
010000010101
011011000010
101001111011
111100110001
010100110100
000011000011
011001100001
101110000111
000110010000
100011010101
010000111100
011011010011
000011111100
000010100110
110000110001
010110010101
010101100110
111001110011
101011000001
010011101010
011101000001
101111001010
010100111100
110100111011
111010111001
101100110101
100101111110
010111101110
111011001000
001100110100
001110011010
101100111110
100110010101
010011001000
001100010010
100001100101
001001100111
011001111101
010100101101
000011100011
100111010100
101010110100
101011100110
111000001100
101111101101
101001000011
011000010111
011111010101
000000010001
011010101110
110101011100
011000011000
111011010001
110001001111
011100101111
010010100100
110111001111
000001101111
100011100010
110111010110
010000110000
011010001110
001111000111
010001010111
101010101101
100000111001
110110111100
100111010110
011100011100
011011110111
110011101001
110010011000
111010000101
110000001010
000000110100
001010100111
010011001011
111010111110
101111000000
101001010101
010110010000
100010001001
100010100011
010100001100
110000110010
100011100110
001111101100
001110100110
111000100111
111011011000
101010100001
111100011010
000101100101
010111111101
100011110100
011110010001
011001010111
111101110101
101010001010
001010011110
110011100011
001001010100
100010101110
100011000101
011010111110
001011101101
001100101010
111101111011
111101100001
101111101100
100101100000
010011011000
011001001001
111111110001
101000011000
101000110101
111001011100
101100111011
001000010011
101111000110
101001101111
100101000000
111011011010
110001100001
111110110010
001010101001
011010101111
010101000001
110100101010
011110101111
001010111110
100111001010
011011111110
111011100100
101101111011
001111100110
100110010100
101110100100
101111100010
001111101001
100000001111
000111111010
100011010111
010100010101
000100011010
110001110101
000101001101
110101010101
101011101011
011101001110
001000010100
001110011100
110100000010
010010101111
110101010010
011111110101
001111010011
010001100000
111101101000
110100010101
110000100111
100000101100
101110010101
100100101100
000010010101
000111010101
111000000000
101011111010
000101000110
111110101100
000001100100
011101000101
001011110001
000011111000
101000111010
011100001100
111010101000
100010001101
111100000101
010001101110
111000110010
001100100110
111001111011
110101111010
000100100101
